Sebastes_carnatus-EF446449.1	Sebastes_chrysomelas-EF446475.1	100.000	750	0	0	1	750	1	750	0.0	1386
Sebastes_carnatus-EF446449.1	Sebastes_carnatus-EF446449.1	100.000	750	0	0	1	750	1	750	0.0	1386
Sebastes_carnatus-EF446449.1	5A8	99.867	750	1	0	1	750	801	52	0.0	1380
Sebastes_carnatus-EF446449.1	4B12	99.865	740	1	0	11	750	798	59	0.0	1362
Sebastes_carnatus-EF446449.1	4G2	99.864	734	1	0	1	734	769	36	0.0	1352
Sebastes_carnatus-EF446449.1	4F9	99.595	740	1	2	1	738	771	32	0.0	1351
Sebastes_carnatus-EF446449.1	Sebastes_maliger-OR641536.1	98.933	750	8	0	1	750	15141	14392	0.0	1341
Sebastes_carnatus-EF446449.1	2H3	99.862	727	1	0	1	727	767	41	0.0	1339
Sebastes_carnatus-EF446449.1	3H12	99.456	735	4	0	1	735	768	34	0.0	1336
Sebastes_carnatus-EF446449.1	Sebastes_caurinus-OR641510.1	98.800	750	9	0	1	750	15142	14393	0.0	1336
Sebastes_carnatus-EF446449.1	4F10	99.319	734	5	0	1	734	772	39	0.0	1328
Sebastes_carnatus-EF446449.1	637	99.048	735	5	2	1	735	769	37	0.0	1325
Sebastes_carnatus-EF446449.1	5A5	98.915	737	8	0	14	750	789	53	0.0	1323
Sebastes_carnatus-EF446449.1	2G10	99.179	731	6	0	1	731	771	41	0.0	1321
Sebastes_carnatus-EF446449.1	Sebastes_nebulosus-NC_082756.1	98.400	750	12	0	1	750	15143	14394	0.0	1319
Sebastes_carnatus-EF446449.1	2G9	99.860	716	1	0	1	716	772	57	0.0	1317
Sebastes_carnatus-EF446449.1	2G12	100.000	701	0	0	1	701	765	65	0.0	1295
Sebastes_carnatus-EF446449.1	600	97.965	737	13	2	1	735	766	30	0.0	1293
Sebastes_carnatus-EF446449.1	4A2	97.733	750	17	0	1	750	798	49	0.0	1291
Sebastes_carnatus-EF446449.1	3B9	97.733	750	17	0	1	750	797	48	0.0	1291
Sebastes_carnatus-EF446449.1	Sebastes_auriculatus-NC_082772.1	97.733	750	17	0	1	750	15143	14394	0.0	1291
Sebastes_carnatus-EF446449.1	4F3	97.603	751	17	1	1	750	798	48	0.0	1286
Sebastes_carnatus-EF446449.1	4A10	97.603	751	17	1	1	750	801	51	0.0	1286
Sebastes_carnatus-EF446449.1	3B3	97.470	751	18	1	1	750	800	50	0.0	1280
Sebastes_carnatus-EF446449.1	4B1	97.709	742	17	0	1	742	767	26	0.0	1277
Sebastes_carnatus-EF446449.1	3B2	97.463	749	18	1	1	748	803	55	0.0	1277
Sebastes_carnatus-EF446449.1	4G5	97.703	740	17	0	1	740	769	30	0.0	1273
Sebastes_carnatus-EF446449.1	4G3	97.696	738	17	0	1	738	771	34	0.0	1269
Sebastes_carnatus-EF446449.1	4F5	97.696	738	17	0	1	738	767	30	0.0	1269
Sebastes_carnatus-EF446449.1	Sebastes_dallii-OP035142.1	97.200	750	21	0	1	750	15142	14393	0.0	1269
Sebastes_carnatus-EF446449.1	4H9	97.693	737	17	0	1	737	771	35	0.0	1267
Sebastes_carnatus-EF446449.1	4F4	97.820	734	16	0	1	734	769	36	0.0	1267
Sebastes_carnatus-EF446449.1	352	98.333	720	12	0	1	720	765	46	0.0	1266
Sebastes_carnatus-EF446449.1	351	97.684	734	17	0	1	734	765	32	0.0	1264
Sebastes_carnatus-EF446449.1	4A12	98.053	719	14	0	1	719	770	52	0.0	1262
Sebastes_carnatus-EF446449.1	4F12	97.429	739	18	1	1	738	771	33	0.0	1258
Sebastes_carnatus-EF446449.1	Sebastes_rastrelliger-EF446469.1	96.933	750	23	0	1	750	1	750	0.0	1258
Sebastes_carnatus-EF446449.1	4A5	96.400	750	27	0	1	750	766	17	0.0	1256
Sebastes_carnatus-EF446449.1	3A4	96.800	750	24	0	1	750	800	51	0.0	1253
Sebastes_carnatus-EF446449.1	Sebastes_rufus-EF446472.1	96.800	750	24	0	1	750	1	750	0.0	1253
Sebastes_carnatus-EF446449.1	Sebastes_helvomaculatus-OR641529.1	96.667	750	25	0	1	750	15143	14394	0.0	1247
Sebastes_carnatus-EF446449.1	3A3	96.538	751	25	1	1	750	800	50	0.0	1242
Sebastes_carnatus-EF446449.1	Sebastes_melanostomus-NC_082790.1	96.533	750	26	0	1	750	15148	14399	0.0	1242
Sebastes_carnatus-EF446449.1	Sebastes_elongatus-OR641516.1	96.400	750	27	0	1	750	15145	14396	0.0	1236
Sebastes_carnatus-EF446449.1	Sebastes_chlorostictus-MF573894.1	96.400	750	27	0	1	750	752	3	0.0	1236
Sebastes_carnatus-EF446449.1	Sebastes_semicinctus-MK858223.1	96.267	750	28	0	1	750	782	33	0.0	1230
Sebastes_carnatus-EF446449.1	Sebastes_pinniger-OR641543.1	96.267	750	28	0	1	750	15141	14392	0.0	1230
Sebastes_carnatus-EF446449.1	Sebastes_babcocki-NC_085187.1	96.267	750	28	0	1	750	15143	14394	0.0	1230
Sebastes_carnatus-EF446449.1	5C10	96.257	748	28	0	3	750	796	49	0.0	1227
Sebastes_carnatus-EF446449.1	4B9	96.138	751	28	1	1	750	801	51	0.0	1225
Sebastes_carnatus-EF446449.1	Sebastes_saxicola-OR641551.1	96.133	750	29	0	1	750	15144	14395	0.0	1225
Sebastes_carnatus-EF446449.1	5B1	96.482	739	26	0	12	750	789	51	0.0	1221
Sebastes_carnatus-EF446449.1	5C6	96.005	751	29	1	1	750	800	50	0.0	1219
Sebastes_carnatus-EF446449.1	5C4	96.005	751	29	1	1	750	800	50	0.0	1219
Sebastes_carnatus-EF446449.1	3B5	99.405	672	4	0	1	672	766	95	0.0	1219
Sebastes_carnatus-EF446449.1	Sebastes_rosenblatti-NC_082792.1	96.000	750	30	0	1	750	15144	14395	0.0	1219
Sebastes_carnatus-EF446449.1	Sebastes_miniatus-NC_082765.1	96.000	750	30	0	1	750	15143	14394	0.0	1219
Sebastes_carnatus-EF446449.1	Sebastes_melanostictus-NC_056778.1	95.867	750	31	0	1	750	15142	14393	0.0	1214
Sebastes_carnatus-EF446449.1	Sebastes_levis-EF446488.1	95.867	750	31	0	1	750	1	750	0.0	1214
Sebastes_carnatus-EF446449.1	Sebastes_aleutianus-OR641500.1	95.867	750	31	0	1	750	15141	14392	0.0	1214
Sebastes_carnatus-EF446449.1	3B7	96.453	733	25	1	18	750	779	48	0.0	1208
Sebastes_carnatus-EF446449.1	2G4	97.059	714	21	0	1	714	764	51	0.0	1208
Sebastes_carnatus-EF446449.1	Sebastes_ruberrimus-NC_085186.1	95.733	750	32	0	1	750	15142	14393	0.0	1208
Sebastes_carnatus-EF446449.1	Sebastes_rosaceus-NC_082791.1	95.733	750	32	0	1	750	15143	14394	0.0	1208
Sebastes_carnatus-EF446449.1	Sebastes_ovalis-OP035099.2	95.733	750	32	0	1	750	15144	14395	0.0	1208
Sebastes_carnatus-EF446449.1	Sebastes_mystinus-NC_082760.1	95.733	750	32	0	1	750	15143	14394	0.0	1208
Sebastes_carnatus-EF446449.1	Sebastes_eos-OP035269.2	95.733	750	32	0	1	750	15142	14393	0.0	1208
Sebastes_carnatus-EF446449.1	Sebastes_entomelas-OR641520.1	95.733	750	32	0	1	750	15143	14394	0.0	1208
Sebastes_carnatus-EF446449.1	Sebastes_constellatus-NC_082758.1	95.733	750	32	0	1	750	15143	14394	0.0	1208
Sebastes_carnatus-EF446449.1	Sebastes_ciliatus-OR482540.1	95.733	750	32	0	1	750	15141	14392	0.0	1208
Sebastes_carnatus-EF446449.1	2G2	95.951	741	30	0	1	741	760	20	0.0	1205
Sebastes_carnatus-EF446449.1	4H4	95.606	751	32	1	1	750	799	49	0.0	1203
Sebastes_carnatus-EF446449.1	4C7	95.606	751	32	1	1	750	799	49	0.0	1203
Sebastes_carnatus-EF446449.1	Sebastes_rubrivinctus-NC_039777.1	95.600	750	33	0	1	750	15145	14396	0.0	1203
Sebastes_carnatus-EF446449.1	Sebastes_reedi-OR641547.1	95.600	750	33	0	1	750	15141	14392	0.0	1203
Sebastes_carnatus-EF446449.1	Sebastes_diploproa-OR641514.1	95.600	750	33	0	1	750	15144	14395	0.0	1203
Sebastes_carnatus-EF446449.1	Sebastes_crameri-OR641512.1	95.600	750	33	0	1	750	15141	14392	0.0	1203
Sebastes_carnatus-EF446449.1	Sebastes_alutus-OR641502.1	95.600	750	33	0	1	750	15143	14394	0.0	1203
Sebastes_carnatus-EF446449.1	5C3	96.065	737	29	0	1	737	765	29	0.0	1201
Sebastes_carnatus-EF446449.1	4A8	95.606	751	30	3	1	748	804	54	0.0	1201
Sebastes_carnatus-EF446449.1	4B8	95.473	751	33	1	1	750	799	49	0.0	1197
Sebastes_carnatus-EF446449.1	3A12	99.846	651	1	0	1	651	779	129	0.0	1197
Sebastes_carnatus-EF446449.1	Sebastes_zacentrus-OR641554.1	95.467	750	34	0	1	750	15143	14394	0.0	1197
Sebastes_carnatus-EF446449.1	Sebastes_variegatus-OR641553.1	95.467	750	34	0	1	750	15142	14393	0.0	1197
Sebastes_carnatus-EF446449.1	Sebastes_serranoides-AF031498.1	95.467	750	34	0	1	750	758	9	0.0	1197
Sebastes_carnatus-EF446449.1	Sebastes_proriger-OR641545.1	95.467	750	34	0	1	750	15143	14394	0.0	1197
Sebastes_carnatus-EF446449.1	1E3	95.565	744	33	0	7	750	796	53	0.0	1194
Sebastes_carnatus-EF446449.1	2G6	95.805	739	29	2	1	737	767	29	0.0	1192
Sebastes_carnatus-EF446449.1	Sebastes_wilsoni-NC_082762.1	95.333	750	35	0	1	750	15142	14393	0.0	1192
Sebastes_carnatus-EF446449.1	Sebastes_lentiginosus-AF031509.1	95.333	750	35	0	1	750	758	9	0.0	1192
Sebastes_carnatus-EF446449.1	Sebastes_hopkinsi-EF446448.1	95.333	750	35	0	1	750	1	750	0.0	1192
Sebastes_carnatus-EF446449.1	4G12	95.676	740	32	0	1	740	770	31	0.0	1190
Sebastes_carnatus-EF446449.1	4H1	95.553	742	33	0	1	742	766	25	0.0	1188
Sebastes_carnatus-EF446449.1	Sebastes_macdonaldi-OP035284.1	95.200	750	36	0	1	750	15142	14393	0.0	1186
Sebastes_carnatus-EF446449.1	Sebastes_brevispinis-OR641505.1	95.200	750	36	0	1	750	15141	14392	0.0	1186
Sebastes_carnatus-EF446449.1	506	95.073	751	35	2	1	750	803	54	0.0	1184
Sebastes_carnatus-EF446449.1	4C5	95.541	740	33	0	1	740	763	24	0.0	1184
Sebastes_carnatus-EF446449.1	2G3	95.200	750	35	1	1	750	761	13	0.0	1184
Sebastes_carnatus-EF446449.1	4H5	95.405	740	34	0	1	740	770	31	0.0	1181
Sebastes_carnatus-EF446449.1	4C4	95.405	740	34	0	1	740	766	27	0.0	1181
Sebastes_carnatus-EF446449.1	4B7	95.405	740	34	0	1	740	768	29	0.0	1181
Sebastes_carnatus-EF446449.1	4B4	95.405	740	34	0	1	740	767	28	0.0	1181
Sebastes_carnatus-EF446449.1	4B3	95.405	740	34	0	1	740	766	27	0.0	1181
Sebastes_carnatus-EF446449.1	Sebastes_melanops-OR482534.1	95.067	750	37	0	1	750	15143	14394	0.0	1181
Sebastes_carnatus-EF446449.1	505	94.920	748	38	0	1	748	802	55	0.0	1179
Sebastes_carnatus-EF446449.1	3A6	95.510	735	33	0	16	750	782	48	0.0	1179
Sebastes_carnatus-EF446449.1	Sebastes_ensifer-MF573893.1	95.759	731	31	0	1	731	731	1	0.0	1179
Sebastes_carnatus-EF446449.1	4C2	95.053	748	37	0	1	748	799	52	0.0	1177
Sebastes_carnatus-EF446449.1	Sebastes_nigrocinctus-NC_039778.1	94.933	750	38	0	1	750	15144	14395	0.0	1175
Sebastes_carnatus-EF446449.1	Sebastes_flavidus-OR641525.1	94.933	750	38	0	1	750	15145	14396	0.0	1175
Sebastes_carnatus-EF446449.1	Sebastes_emphaeus-NC_082816.1	94.933	750	38	0	1	750	15142	14393	0.0	1175
Sebastes_carnatus-EF446449.1	Sebastes_serriceps-EF446453.1	95.622	731	32	0	18	748	1	731	0.0	1173
Sebastes_carnatus-EF446449.1	504	94.681	752	37	3	1	750	804	54	0.0	1171
Sebastes_carnatus-EF446449.1	Sebastes_umbrosus-MF573899.1	95.498	733	33	0	18	750	739	7	0.0	1171
Sebastes_carnatus-EF446449.1	5C5	96.095	717	28	0	1	717	770	54	0.0	1170
Sebastes_carnatus-EF446449.1	4H7	94.886	743	37	1	1	742	768	26	0.0	1168
Sebastes_carnatus-EF446449.1	2E2	95.492	732	32	1	1	731	771	40	0.0	1168
Sebastes_carnatus-EF446449.1	4A7	95.486	731	29	4	1	727	772	42	0.0	1166
Sebastes_carnatus-EF446449.1	502	94.652	748	39	1	1	748	798	52	0.0	1162
Sebastes_carnatus-EF446449.1	4C6	94.779	747	35	3	1	743	768	22	0.0	1162
Sebastes_carnatus-EF446449.1	4B5	95.109	736	34	2	1	734	767	32	0.0	1162
Sebastes_carnatus-EF446449.1	4H2	95.442	724	33	0	1	724	771	48	0.0	1155
Sebastes_carnatus-EF446449.1	507	94.459	740	40	1	1	740	768	30	0.0	1153
Sebastes_carnatus-EF446449.1	Sebastes_goodei-OR641527.1	94.267	750	43	0	1	750	15142	14393	0.0	1147
Sebastes_carnatus-EF446449.1	4H3	94.773	727	37	1	1	726	768	42	0.0	1142
Sebastes_carnatus-EF446449.1	2G1	97.313	670	18	0	1	670	763	94	0.0	1138
Sebastes_carnatus-EF446449.1	350	94.301	737	39	3	1	734	769	33	0.0	1136
Sebastes_carnatus-EF446449.1	4C8	94.672	732	33	6	1	726	775	44	0.0	1134
Sebastes_carnatus-EF446449.1	4B6	94.672	732	34	5	1	727	774	43	0.0	1133
Sebastes_carnatus-EF446449.1	3G3	93.733	750	47	0	1	750	801	52	0.0	1125
Sebastes_carnatus-EF446449.1	3F9	93.733	750	47	0	1	750	800	51	0.0	1125
Sebastes_carnatus-EF446449.1	3F7	93.733	750	47	0	1	750	808	59	0.0	1125
Sebastes_carnatus-EF446449.1	Sebastes_jordani-NC_085188.1	93.733	750	47	0	1	750	15145	14396	0.0	1125
Sebastes_carnatus-EF446449.1	4A4	93.717	748	47	0	1	748	798	51	0.0	1123
Sebastes_carnatus-EF446449.1	3G1	93.600	750	48	0	1	750	798	49	0.0	1122
Sebastes_carnatus-EF446449.1	4A9	94.175	721	40	2	1	719	770	50	0.0	1120
Sebastes_carnatus-EF446449.1	3F12	93.467	750	48	1	2	750	796	47	0.0	1112
Sebastes_carnatus-EF446449.1	590	93.631	738	43	3	1	738	768	35	0.0	1110
Sebastes_carnatus-EF446449.1	3F11	93.886	736	45	0	15	750	784	49	0.0	1110
Sebastes_carnatus-EF446449.1	4B2	93.649	740	47	0	1	740	763	24	0.0	1107
Sebastes_carnatus-EF446449.1	3B6	94.618	706	34	3	1	704	761	58	0.0	1107
Sebastes_carnatus-EF446449.1	4E10	97.664	642	15	0	1	642	764	123	0.0	1103
Sebastes_carnatus-EF446449.1	5C7	93.724	733	45	1	1	732	771	39	0.0	1101
Sebastes_carnatus-EF446449.1	2E8	94.061	724	43	0	25	748	773	50	0.0	1101
Sebastes_carnatus-EF446449.1	2H8	93.716	732	46	0	1	732	768	37	0.0	1098
Sebastes_carnatus-EF446449.1	2H10	93.597	734	47	0	1	734	767	34	0.0	1098
Sebastes_carnatus-EF446449.1	2H2	93.690	729	46	0	1	729	770	42	0.0	1092
Sebastes_carnatus-EF446449.1	2H1	93.469	735	47	1	1	734	765	31	0.0	1092
Sebastes_carnatus-EF446449.1	2H9	93.570	731	46	1	1	731	762	33	0.0	1088
Sebastes_carnatus-EF446449.1	152	92.277	751	57	1	1	750	796	46	0.0	1086
Sebastes_carnatus-EF446449.1	2H4	93.759	721	44	1	31	750	773	53	0.0	1083
Sebastes_carnatus-EF446449.1	Sebastes_paucispinis-OR641541.1	92.667	750	55	0	1	750	15143	14394	0.0	1081
Sebastes_carnatus-EF446449.1	3E11	93.071	736	50	1	15	750	781	47	0.0	1079
Sebastes_carnatus-EF446449.1	150	92.653	735	53	1	1	734	766	32	0.0	1070
Sebastes_carnatus-EF446449.1	2G8	93.454	718	47	0	1	718	765	48	0.0	1068
Sebastes_carnatus-EF446449.1	2D12	93.094	724	49	1	1	723	772	49	0.0	1064
Sebastes_carnatus-EF446449.1	4H6	93.419	699	42	4	1	695	777	79	0.0	1057
Sebastes_carnatus-EF446449.1	3G12	93.175	718	49	0	1	718	766	49	0.0	1055
Sebastes_carnatus-EF446449.1	2F12	93.503	708	46	0	1	708	765	58	0.0	1053
Sebastes_carnatus-EF446449.1	153	93.249	711	48	0	1	711	762	52	0.0	1051
Sebastes_carnatus-EF446449.1	4G1	95.420	655	30	0	1	655	765	111	0.0	1044
Sebastes_carnatus-EF446449.1	3B4	95.807	644	27	0	1	644	776	133	0.0	1044
Sebastes_carnatus-EF446449.1	4A11	91.136	722	62	2	2	722	765	45	0.0	1037
Sebastes_carnatus-EF446449.1	2G11	93.275	684	45	1	13	695	801	118	0.0	1011
Sebastes_carnatus-EF446449.1	3D10	92.641	693	51	0	1	693	764	72	0.0	1007
Sebastes_carnatus-EF446449.1	3A7	92.006	713	57	0	1	713	760	48	0.0	1003
Sebastes_carnatus-EF446449.1	3A11	91.425	723	60	2	1	721	818	96	0.0	1002
Sebastes_carnatus-EF446449.1	2H5	93.185	675	46	0	1	675	758	84	0.0	992
Sebastes_carnatus-EF446449.1	2F8	93.353	662	44	0	1	662	764	103	0.0	979
Sebastes_carnatus-EF446449.1	2F7	92.353	680	52	0	1	680	756	77	0.0	974
Sebastes_carnatus-EF446449.1	3G7	92.687	670	49	0	1	670	763	94	0.0	970
Sebastes_carnatus-EF446449.1	2F10	92.857	658	46	1	1	657	766	109	0.0	955
Sebastes_carnatus-EF446449.1	3F10	92.553	658	49	0	13	670	750	93	0.0	948
Sebastes_carnatus-EF446449.1	Sebastes_aurora-OM140748.1	97.159	528	15	0	175	702	528	1	0.0	893
Sebastes_carnatus-EF446449.1	2F3	93.976	581	35	0	1	581	771	191	0.0	887
Sebastes_carnatus-EF446449.1	4A6	93.520	571	37	0	1	571	764	194	0.0	867
Sebastes_carnatus-EF446449.1	1E11	91.787	621	51	0	7	627	755	135	0.0	867
Sebastes_carnatus-EF446449.1	3D11	92.346	601	46	0	1	601	766	166	0.0	859
Sebastes_carnatus-EF446449.1	3E9	91.382	615	53	0	1	615	769	155	0.0	846
Sebastes_carnatus-EF446449.1	3B11	90.575	626	48	11	135	750	670	46	0.0	826
Sebastes_carnatus-EF446449.1	4H11	87.270	652	82	1	4	654	772	121	0.0	809
Sebastes_carnatus-EF446449.1	4D10	88.435	588	58	10	12	589	771	184	0.0	769
Sebastes_carnatus-EF446449.1	1A9	91.547	556	47	0	1	556	770	215	0.0	767
Sebastes_carnatus-EF446449.1	2E7	91.481	540	46	0	1	540	767	228	0.0	750
Sebastes_carnatus-EF446449.1	Sebastes_atrovirens-AY582088.1	99.740	384	1	0	367	750	396	13	0.0	704
Sebastes_carnatus-EF446449.1	3H6	87.476	511	64	0	30	540	747	237	0.0	664
Sebastes_carnatus-EF446449.1	1E8	89.583	432	45	0	30	461	746	315	5.05e-179	621
Sebastes_carnatus-EF446449.1	3A8	82.910	591	86	15	12	593	757	173	1.42e-169	590
Sebastes_carnatus-EF446449.1	5C2	88.636	440	50	0	96	535	680	241	6.67e-163	568
Sebastes_carnatus-EF446449.1	4G6	76.260	615	137	9	75	684	718	108	7.11e-118	418
Sebastes_carnatus-EF446449.1	2E4	81.061	396	74	1	16	411	759	365	2.56e-117	416
Sebastes_carnatus-EF446449.1	3B10	81.279	219	41	0	165	383	618	400	2.14e-63	237
Sebastes_carnatus-EF446449.1	Sebastes_borealis-MZ931268.1	93.750	144	9	0	395	538	144	1	2.78e-57	217
Sebastes_carnatus-EF446449.1	5B11	89.241	158	17	0	385	542	209	52	3.60e-56	213
Sebastes_carnatus-EF446449.1	1E10	75.104	241	58	2	203	441	570	330	1.69e-49	191
Sebastes_carnatus-EF446449.1	5A3	85.621	153	21	1	462	614	303	152	2.18e-48	187
Sebastes_carnatus-EF446449.1	3C5	80.822	146	28	0	379	524	393	248	1.72e-34	141
Sebastes_carnatus-EF446449.1	4H10	85.950	121	13	4	16	132	767	647	2.23e-33	137
Sebastes_carnatus-EF446449.1	3F3	88.571	70	7	1	405	474	373	305	6.33e-19	89.8
